%YAML:1.0
---
K1: !!opencv-matrix
   rows: 3
   cols: 3
   dt: d
   data: [ 8.3289082804522070e+02, 0., 5.7962271802834255e+02, 0.,
       8.3215124745952642e+02, 4.7190969136611682e+02, 0., 0., 1. ]
K2: !!opencv-matrix
   rows: 3
   cols: 3
   dt: d
   data: [ 8.3394269118382397e+02, 0., 5.8203405440627705e+02, 0.,
       8.3375969969396738e+02, 4.6379832252132331e+02, 0., 0., 1. ]
D1: !!opencv-matrix
   rows: 1
   cols: 5
   dt: d
   data: [ -3.6722305775032160e-01, 1.5576654242489060e-01,
       2.0416339758181552e-04, 6.2256945618252395e-04,
       -3.3608122935043179e-02 ]
D2: !!opencv-matrix
   rows: 1
   cols: 5
   dt: d
   data: [ -3.7178521691340938e-01, 1.7294340711282671e-01,
       1.4186349261906426e-03, -6.5104838970094045e-04,
       -4.3446949630293906e-02 ]
R: !!opencv-matrix
   rows: 3
   cols: 3
   dt: d
   data: [ 9.9995837077268279e-01, -2.3108795368062762e-04,
       9.1215853884921948e-03, 3.5753670422179951e-04,
       9.9990383467852073e-01, -1.3863389293193780e-02,
       -9.1175045460380674e-03, 1.3866073472586586e-02,
       9.9986229207691679e-01 ]
T: [ -5.9835947362699066e+01, 2.3205250763192315e-02,
    -4.0240075032462863e-01 ]
E: !!opencv-matrix
   rows: 3
   cols: 3
   dt: d
   data: [ -6.7700941277912323e-05, 4.0268381903914241e-01,
       1.7623416962681493e-02, -9.4793852078822405e-01,
       8.2978263239896088e-01, 5.9824036945857557e+01,
       -4.4597832160581843e-02, -5.9830187857131001e+01,
       8.2931736333985095e-01 ]
F: !!opencv-matrix
   rows: 3
   cols: 3
   dt: d
   data: [ -1.0831395463642764e-10, 6.4460597640654258e-07,
       -2.7801997371921009e-04, -1.5174357818104201e-06,
       1.3290304545595333e-06, 8.0071559309120355e-02,
       6.5053573920342736e-04, -8.0816385435041327e-02, 1. ]
R1: !!opencv-matrix
   rows: 3
   cols: 3
   dt: d
   data: [ 9.9987423093476058e-01, -5.2560300837716835e-04,
       1.5850743014084876e-02, 6.3547538554270034e-04,
       9.9997580303622602e-01, -6.9274463613281058e-03,
       -1.5846718387582490e-02, 6.9366478599027590e-03,
       9.9985037102199059e-01 ]
R2: !!opencv-matrix
   rows: 3
   cols: 3
   dt: d
   data: [ 9.9997731230951015e-01, -3.8780574742088274e-04,
       6.7249143452425509e-03, 3.4117727563065151e-04,
       9.9997590513314549e-01, 6.9334516089104735e-03,
       -6.7274411417101955e-03, -6.9309999169511844e-03,
       9.9995335029982069e-01 ]
P1: !!opencv-matrix
   rows: 3
   cols: 4
   dt: d
   data: [ 5.4837466739758861e+02, 0., 8.1572295618057251e+02, 0., 0.,
       5.4837466739758861e+02, 4.7284426394104958e+02, 0., 0., 0., 1.,
       0. ]
P2: !!opencv-matrix
   rows: 3
   cols: 4
   dt: d
   data: [ 5.4837466739758861e+02, 0., 8.1572295618057251e+02,
       -3.2813262190576272e+04, 0., 5.4837466739758861e+02,
       4.7284426394104958e+02, 0., 0., 0., 1., 0. ]
Q: !!opencv-matrix
   rows: 4
   cols: 4
   dt: d
   data: [ 1., 0., 0., -8.1572295618057251e+02, 0., 1., 0.,
       -4.7284426394104958e+02, 0., 0., 0., 5.4837466739758861e+02, 0.,
       0., 1.6725262851585012e-02, -4.0051008116013449e+00 ]
