%YAML:1.0
---
K1: !!opencv-matrix
   rows: 3
   cols: 3
   dt: d
   data: [ 8.3289082842035532e+02, 0., 5.7962271817623559e+02, 0.,
       8.3215124738817804e+02, 4.7190969064784355e+02, 0., 0., 1. ]
K2: !!opencv-matrix
   rows: 3
   cols: 3
   dt: d
   data: [ 8.3394269184682230e+02, 0., 5.8203405420515242e+02, 0.,
       8.3375969983970981e+02, 4.6379832225649062e+02, 0., 0., 1. ]
D1: !!opencv-matrix
   rows: 1
   cols: 5
   dt: d
   data: [ -3.6722305783004083e-01, 1.5576654299939094e-01,
       2.0416344821545037e-04, 6.2256934698097857e-04,
       -3.3608123177360262e-02 ]
D2: !!opencv-matrix
   rows: 1
   cols: 5
   dt: d
   data: [ -3.7178521809153264e-01, 1.7294340885379728e-01,
       1.4186348012105172e-03, -6.5104830040980466e-04,
       -4.3446950516094832e-02 ]
R: !!opencv-matrix
   rows: 3
   cols: 3
   dt: d
   data: [ 9.9998224321570650e-01, -1.0099634147940598e-03,
       5.8730934935833914e-03, 1.0332545719002645e-03,
       9.9999160927877084e-01, -3.9640581534364687e-03,
       -5.8690406603840494e-03, 3.9700561652143496e-03,
       9.9997489619278535e-01 ]
T: [ -6.0747007917129430e+01, 7.0625407432063247e-02,
    -1.5048443063706576e-01 ]
E: !!opencv-matrix
   rows: 3
   cols: 3
   dt: d
   data: [ -2.5901466191941263e-04, 1.5076355479835538e-01,
       7.0027105431218511e-02, -5.0700841797979579e-01,
       2.4132101706916417e-01, 6.0744599126823353e+01,
       -1.3339127701157338e-01, -6.0746426876842833e+01,
       2.4038988240989570e-01 ]
F: !!opencv-matrix
   rows: 3
   cols: 3
   dt: d
   data: [ -4.2270045517611762e-10, 2.4625811285644578e-07,
       -2.0782874528160238e-05, -8.2759687970809882e-07,
       3.9426173864207907e-07, 8.2878305524775070e-02,
       2.0254420701661907e-04, -8.3072972392562588e-02, 1. ]
R1: !!opencv-matrix
   rows: 3
   cols: 3
   dt: d
   data: [ 9.9996275893282405e-01, -2.1627262205258795e-03,
       8.3548406777061712e-03, 2.1792853788417778e-03,
       9.9999567821725943e-01, -1.9733884668276733e-03,
       -8.3505366709194367e-03, 1.9915225578666929e-03,
       9.9996315050866202e-01 ]
R2: !!opencv-matrix
   rows: 3
   cols: 3
   dt: d
   data: [ 9.9999625584459528e-01, -1.1626110556052240e-03,
       2.4772227037866889e-03, 1.1576977368253402e-03,
       9.9999736191551603e-01, 1.9839097657295920e-03,
       -2.4795226840908721e-03, -1.9810344625453345e-03,
       9.9999496372217656e-01 ]
P1: !!opencv-matrix
   rows: 3
   cols: 4
   dt: d
   data: [ 5.4837466668888067e+02, 0., 8.2137751299142838e+02, 0., 0.,
       5.4837466668888067e+02, 4.7329920890927315e+02, 0., 0., 0., 1.,
       0. ]
P2: !!opencv-matrix
   rows: 3
   cols: 4
   dt: d
   data: [ 5.4837466668888067e+02, 0., 8.2137751299142838e+02,
       -3.3312244945124599e+04, 0., 5.4837466668888067e+02,
       4.7329920890927315e+02, 0., 0., 0., 1., 0. ]
Q: !!opencv-matrix
   rows: 4
   cols: 4
   dt: d
   data: [ 1., 0., 0., -8.2137751299142838e+02, 0., 1., 0.,
       -4.7329920890927315e+02, 0., 0., 0., 5.4837466668888067e+02, 0.,
       0., 1.6461654493481918e-02, -4.0051008116013449e+00 ]
