%YAML:1.0
---
K1: !!opencv-matrix
   rows: 3
   cols: 3
   dt: d
   data: [ 8.3289082804522070e+02, 0., 5.7962271802834255e+02, 0.,
       8.3215124745952642e+02, 4.7190969136611682e+02, 0., 0., 1. ]
K2: !!opencv-matrix
   rows: 3
   cols: 3
   dt: d
   data: [ 8.3394269118382397e+02, 0., 5.8203405440627705e+02, 0.,
       8.3375969969396738e+02, 4.6379832252132331e+02, 0., 0., 1. ]
D1: !!opencv-matrix
   rows: 1
   cols: 5
   dt: d
   data: [ -3.6722305775032160e-01, 1.5576654242489060e-01,
       2.0416339758181552e-04, 6.2256945618252395e-04,
       -3.3608122935043179e-02 ]
D2: !!opencv-matrix
   rows: 1
   cols: 5
   dt: d
   data: [ -3.7178521691340938e-01, 1.7294340711282671e-01,
       1.4186349261906426e-03, -6.5104838970094045e-04,
       -4.3446949630293906e-02 ]
R: !!opencv-matrix
   rows: 3
   cols: 3
   dt: d
   data: [ 9.9998224321671658e-01, -1.0099635097045863e-03,
       5.8730933052798485e-03, 1.0332546635129845e-03,
       9.9999160928039921e-01, -3.9640577187663147e-03,
       -5.8690404721544092e-03, 3.9700557308994201e-03,
       9.9997489619561430e-01 ]
T: [ -5.9789568912417259e+01, 6.9512289310542180e-02,
    -1.4811266022803235e-01 ]
E: !!opencv-matrix
   rows: 3
   cols: 3
   dt: d
   data: [ -2.5493234236974977e-04, 1.4838738511877630e-01,
       6.8923417153604991e-02, -4.9901742998326515e-01,
       2.3751750909090355e-01, 5.9787198087301761e+01,
       -1.3128890590407147e-01, -5.9788997030033784e+01,
       2.3660104998799372e-01 ]
F: !!opencv-matrix
   rows: 3
   cols: 3
   dt: d
   data: [ -4.2270051232617984e-10, 2.4625816024892560e-07,
       -2.0782875810997640e-05, -8.2759690991296603e-07,
       3.9426169646825019e-07, 8.2878305749016862e-02,
       2.0254419219991463e-04, -8.3072972566846925e-02, 1. ]
R1: !!opencv-matrix
   rows: 3
   cols: 3
   dt: d
   data: [ 9.9996275892971087e-01, -2.1627265691720196e-03,
       8.3548409600641849e-03, 2.1792857262316577e-03,
       9.9999567821693469e-01, -1.9733882476757583e-03,
       -8.3505369530594720e-03, 1.9915223422345219e-03,
       9.9996315050673534e-01 ]
R2: !!opencv-matrix
   rows: 3
   cols: 3
   dt: d
   data: [ 9.9999625584313467e-01, -1.1626113101343286e-03,
       2.4772231739616196e-03, 1.1576979909608681e-03,
       9.9999736191565192e-01, 1.9839095489245255e-03,
       -2.4795231545178009e-03, -1.9810342445643115e-03,
       9.9999496372144192e-01 ]
P1: !!opencv-matrix
   rows: 3
   cols: 4
   dt: d
   data: [ 5.4837466739758861e+02, 0., 9.4110957908630371e+02, 0., 0.,
       5.4837466739758861e+02, 4.7329920888692141e+02, 0., 0., 0., 1.,
       0. ]
P2: !!opencv-matrix
   rows: 3
   cols: 4
   dt: d
   data: [ 5.4837466739758861e+02, 0., 7.0164543151855469e+02,
       -3.2787207726640925e+04, 0., 5.4837466739758861e+02,
       4.7329920888692141e+02, 0., 0., 0., 1., 0. ]
Q: !!opencv-matrix
   rows: 4
   cols: 4
   dt: d
   data: [ 1., 0., 0., -9.4110957908630371e+02, 0., 1., 0.,
       -4.7329920888692141e+02, 0., 0., 0., 5.4837466739758861e+02, 0.,
       0., 1.6725262851585012e-02, -4.0051008116013449e+00 ]
