%YAML:1.0
---
K1: !!opencv-matrix
   rows: 3
   cols: 3
   dt: d
   data: [ 8.3289082842035532e+02, 0., 5.7962271817623559e+02, 0.,
       8.3215124738817804e+02, 4.7190969064784355e+02, 0., 0., 1. ]
D1: !!opencv-matrix
   rows: 1
   cols: 5
   dt: d
   data: [ -3.6722305783004083e-01, 1.5576654299939094e-01,
       2.0416344821545037e-04, 6.2256934698097857e-04,
       -3.3608123177360262e-02 ]
K2: !!opencv-matrix
   rows: 3
   cols: 3
   dt: d
   data: [ 8.3394269184682230e+02, 0., 5.8203405420515242e+02, 0.,
       8.3375969983970981e+02, 4.6379832225649062e+02, 0., 0., 1. ]
D2: !!opencv-matrix
   rows: 1
   cols: 5
   dt: d
   data: [ -3.7178521809153264e-01, 1.7294340885379728e-01,
       1.4186348012105172e-03, -6.5104830040980466e-04,
       -4.3446950516094832e-02 ]
board_width: 8
board_height: 6
square_size: 2.2555500030517578e+01
