%YAML:1.0
---
K1: !!opencv-matrix
   rows: 3
   cols: 3
   dt: d
   data: [ 8.3289082804522070e+02, 0., 5.7962271802834255e+02, 0.,
       8.3215124745952642e+02, 4.7190969136611682e+02, 0., 0., 1. ]
D1: !!opencv-matrix
   rows: 1
   cols: 5
   dt: d
   data: [ -3.6722305775032160e-01, 1.5576654242489060e-01,
       2.0416339758181552e-04, 6.2256945618252395e-04,
       -3.3608122935043179e-02 ]
K2: !!opencv-matrix
   rows: 3
   cols: 3
   dt: d
   data: [ 8.3394269118382397e+02, 0., 5.8203405440627705e+02, 0.,
       8.3375969969396738e+02, 4.6379832252132331e+02, 0., 0., 1. ]
D2: !!opencv-matrix
   rows: 1
   cols: 5
   dt: d
   data: [ -3.7178521691340938e-01, 1.7294340711282671e-01,
       1.4186349261906426e-03, -6.5104838970094045e-04,
       -4.3446949630293906e-02 ]
board_width: 8
board_height: 6
square_size: 2.2200000762939453e+01
